5
1 10
30 0 88 -30 100 100 80 90 -100 100
3 10
-100 80 -80 -100  80 -100 80 -80 -100  80
5 50
100 90 -80 70 -60 -10 90 80 70 90 -100 90 -80 70 -60 100 90 -80 70 60 100 100 100 100 100 -100 90 80 70 60 -100 90 -80 70 60 100 -90 80 70 -60 100 90 90 90 100 -100 -90 80 70 60
10 200
1 -30 -80 30 -30 30 -30 -30 -80 -30 2 -90 -30 30 -30 30 -90 30 -30 -90 3 -30 -80 30 -30 30 -30 -30 -80 -30 4 -90 -30 30 -30 30 -90 30 -30 -90 5 -30 -80 30 -30 30 -30 -30 -80 -30 6 -90 -30 30 -30 30 -90 30 -30 -90 7 -30 -80 30 -30 30 -30 -30 -80 -30 8 -90 -30 30 -30 30 -90 30 -30 -90 9 -30 -80 30 -30 -30 -30 -30 -80 -30 0 -90 -30 30 -30 30 -90 30 -30 -90 1 -30 -80 30 -30 30 -30 -30 -80 -30 2 -90 -30 30 -30 30 -90 30 -30 -90 1 -30 -80 30 -30 30 -30 -30 -80 -30 2 -90 -30 30 -30 30 -90 30 -30 -90 1 -30 -80 30 -30 30 -30 -30 -80 -30 2 -90 -30 30 -30 30 -90 30 -30 -90 1 -30 -80 30 -30 30 -30 -30 -80 -30 2 -90 -30 30 -30 30 -90 30 -30 -90 1 -30 -80 30 -30 30 -30 -30 -80 -30 2 -90 -30 30 -30 30 -90 30 -30 -90
5 1000
1 30 30 30 30 30 30 30 30 30 1 30 30 30 -90 30 30 30 30 30 1 30 30 -30 30 30 30 30 30 30 1 30 30 30 30 30 30 30 30 30 1 30 30 30 30 30 30 30 30 30 1 30 30 30 30 30 30 30 30 30 1 30 30 30 30 30 30 30 30 30 1 30 30 30 30 30 30 30 30 30 1 30 30 30 30 30 30 30 30 30 1 30 30 30 30 30 30 30 30 30 100 80 80 80 100 30 30 30 30 30 1 30 30 30 30 30 30 30 30 30 1 30 30 30 30 30 30 30 30 30 1 30 30 30 30 30 30 30 30 30 1 30 30 30 30 30 30 30 30 30 1 30 30 30 30 30 30 30 30 30 1 30 30 30 30 30 30 30 30 30 1 30 30 30 30 30 -30 30 30 30 1 30 30 30 30 30 30 30 30 30 1 30 30 30 30 30 30 30 30 30 1 30 30 30 30 30 30 30 30 30 1 30 30 30 30 30 30 30 30 30 1 30 30 30 30 30 30 30 30 30 1 30 30 30 30 30 30 30 30 30 1 30 30 30 30 30 30 30 30 30 1 30 30 30 30 30 30 30 30 30 1 30 30 30 30 30 30 30 30 30 1 30 30 30 -30 30 30 30 30 30 1 30 30 30 30 30 30 30 30 30 1 30 30 30 30 30 30 30 30 30 100 80 80 80 100 30 30 30 30 30 1 30 30 30 30 30 30 30 30 30 1 30 30 30 30 30 30 30 30 30 1 30 30 30 30 30 30 30 30 30 1 30 30 30 30 30 30 30 30 30 1 30 30 30 30 30 30 30 30 30 1 30 30 30 30 30 30 30 30 30 1 30 30 30 30 30 30 30 30 30 1 30 30 30 30 30 30 30 30 30 1 30 30 30 30 30 30 30 30 30 1 30 30 30 30 30 30 30 30 30 1 30 30 30 30 30 30 30 30 30 1 30 30 -30 30 30 30 30 30 30 1 30 30 30 30 30 30 30 30 30 1 30 30 30 30 30 30 30 30 30 1 30 30 30 30 30 30 30 30 30 1 30 30 30 30 30 30 30 30 30 1 30 30 30 30 30 30 30 30 30 1 30 30 30 30 30 30 30 30 30 1 30 30 30 30 30 30 30 30 30 1 30 30 30 30 30 30 30 30 30 1 30 30 30 30 30 30 30 30 30 1 30 30 30 30 30 30 30 30 30 1 30 30 30 30 30 30 30 30 30 1 30 30 30 30 30 30 30 30 30 1 30 30 30 30 30 30 30 30 30 1 30 30 30 30 30 30 30 30 30 1 30 30 30 30 30 30 30 30 30 1 30 30 30 30 30 30 30 30 30 1 30 30 30 30 30 30 30 30 30 1 30 30 30 30 30 30 30 30 30 1 30 30 30 30 30 30 30 30 30 1 30 30 30 30 30 30 30 30 30 1 30 30 30 30 30 30 30 30 30 1 30 30 30 30 30 30 30 30 30 1 30 30 30 30 30 30 30 30 30 1 30 30 30 30 30 30 30 30 30 1 30 30 30 30 30 30 30 30 30 1 30 30 30 30 30 30 30 30 30 1 30 30 30 30 30 30 30 30 30 1 30 30 30 30 30 30 30 30 30 1 30 30 30 30 30 30 30 30 30 1 30 30 30 30 30 30 30 30 30 1 30 30 30 30 30 30 30 30 30 1 30 30 30 30 30 30 30 30 30 1 30 30 30 30 30 30 30 30 30 1 30 30 30 30 30 30 30 30 30 1 30 30 30 30 30 30 30 30 30 1 30 30 30 30 30 30 30 30 30 1 30 30 30 30 30 30 30 30 30 1 30 30 30 30 30 30 30 30 30 1 30 30 30 30 30 30 30 30 30 1 30 30 30 30 30 30 30 30 30 1 30 30 30 30 30 30 30 30 30 1 30 30 30 30 30 30 30 30 30 1 30 30 30 30 30 30 30 30 30 1 30 30 30 30 30 30 30 30 30 1 30 30 30 30 30 30 30 30 30 1 30 30 30 30 30 30 30 30 30 1 30 30 30 30 30 30 30 30 30 1 30 30 30 30 30 30 30 30 30 1 30 30 30 30 30 30 30 30 30 1 30 30 30 30 30 30 30 30 30 1 30 30 30 30 30 30 30 30 30 1 30 30 30 30 30 30 30 30 30 1 30 30 30 30 30 30 30 30 30 1 30 30 30 30 30 30 30 30 30 1 30 30 30 30 30 30 30 30 30 1 30 30 30 30 30 30 30 30 30 1 30 30 30 30 30 30 30 30 30

