4
9 10
18 3
-15 8
18 7
-25 -5
20 10
19 5
-25 4
15 7
18 -8
40 10
-19 10
18 3
-30 0
18 7
-25 -5
20 10
19 9
-25 4
15 7
18 -8
42 10
78 3
31 0
78 7
35 -5
80 10
79 9
35 4
75 7
78 -8
0 0
2 3
3 3
4 6
4 -6
-2 3
-4-4
0 4
0 9
5 5
81 2
82 3
82 -1
88 2
85 5
85 -6
77 -4
77 6
75 2
74 0
10 50
20 30
-75 10
75 10
25 25
-50 -50
50 50
0 50 
2 50
74 -15
10 -50
50 10
-19 10
18 3
-30 0
18 7
-25 -5
20 10
19 9
-25 4
15 7
18 -8
42 10
-100 8
-60 -10
-70 10
-72 10
78 3
31 0
78 7
35 -5
80 10
79 9
1 1
4 -4
3 -3
35 4
75 7
78 -8
100 -10
0 0
-50 10
2 3
3 3
4 6
4 -6
85 10
-2 3
-4-4
0 4
0 9
5 5
81 2
82 3
82 -1
88 2
85 5
85 -6
77 -4
77 6
75 2
74 0
