7

2 2
00
11

1 1
1

3 4
1000
1000
1111

5 1
0
1
0
0
0

7 7
0100100
1101101
0000001
1000010
0011110
1111111
0011000

50 50
00000000000000000000000000000000000000000000000000
00000000000101000000000000000000000000000000000000
00000000000000000000000000000000000000000000000000
00000000000000000000000000000000000000000000000000
00000000000000000000000000000000000000000000000000
00000000000000000000000000000000000000000000000001
00000000000000000001000000000000000001000000000000
00000000000000000000000000000000000000000010000000
00000000000000000000000000000000000000000000000000
00000000000000000000000000000000000000000000000000
00000000000000000000000000000000000000000000000000
00000000000000000000000000000000000000000000000000
00000000000000000000000000000000000000000000000000
00000000000000000000000000000000000000000100000000
00000000000000000000000000000000000000000000000000
00001000000000000000000000000000000000000000000000
00000000000000000000000000000000000000000000000000
00000000000000000000000000000000000000000000000000
00000000000000000000000000000100000000000000000000
00000000000000000000000000000000000000000000000000
00000000000000000000000000000000000000000000000000
00000000000000000000000000000000000000000000000000
00000000000000000000000000000000000000000000000000
00000000000000000000000000000000000000000000000001
00000000000000000000000000000000000000000000000000
00000000000000000000000000000000000100000000000000
00000000000000000000000000000000000000000000100000
00000000000000000000000000000000000000000000000000
00000000000000000000000000000000000000000000100000
00000000000000000000000001000000000000100000000100
00000000000000000000000000000000000000000000000000
00000000000000000000000000000000000000000000000000
00000000000000000000000000000000000000000000000000
00000000000000000000000000000000000000000000000000
00000000000000000000000000000000000000100000000000
00000000000000000000000000000000000000000000000000
00000000000000000000000100000000000000000000000000
00000000000000000000000000000000000000000000000000
00000000000000000000000000000000000000000000000001
00000000000000000000000000000000000000000010000000
00000000000000000000000000000000000000000000000000
00000000000000000000000000000000000000000000000000
00000000000000000000000000000000000000000000000000
00000000000000000000000000000000000000000000000000
00000000000000000000000000000100000000000000000000
00000000000000000000000000000001000000000000000000
00000000000000000000000000000000000000000000000000
00000000000000000000000000000000000000000000000000
00000000000000000000000000000000000000000000000000
00000000000000000000000000000000000000000000000000


50 50
11111001101111001000101111110101001010010101001001
10001101000111011011001110001000101101001000010001
01111100000110011001010101110100110110111001111100
10011010011001101101100010110011101001100100000110
11010100111010001010111100001000101110100001111000
00000000000011100001100110010011011011110010011000
11101101011111111110100010010110111100000101011100
01111010111110011000111011000110111110110111000001
10010111000101001011101010001110110000110000000001
00001100010000111000101111101011010100100010011111
11000110010010100111001100110001000101110010110010
01011000101001001101100101110100100011100110001111
00101111001101001111010111110000111111011101011001
11001001100000101111111011101001010010101101111011
01011001101001011111011111001101100000101011110111
10011000110000101010011101010010100110000010001111
11101001111000101010011010110100110101111111111100
00110110101100111010111100011001011011100111100011
00000100101000011001000100101101101011110010101001
00101011101011110101011011111111001000111011110100
11011101100010011110100000111001111100001001011100
10001111001000000111101111111010001101000011001111
01100000010111111110000101011100100110100101110100
00001010001011100101101100110010101111100000001100
01010000001101111110010010011000111101111101110001
10101001101110000000101010111001100010010000011111
10101110100010001000110100111110101100011101010010
01001100001001101111011010100010101111101000100110
00100100100011101001010110101011011001111111100111
00000001010100100001110010001011010100011111010101
00011001010101111001011101111100001111000100001010
11101011011101110110101000001010111000111110010110
10010001001101010001000110001000010101011011100101
00111000000010011101100010111011010110000000101101
10010010100000001001100011100111101101000011111001
01000000110100101001011010110111011110010111111100
10011010010110000111010110001001111001110001110010
00111110110110111110110001000111011111101010101000
11101100000101101100010100000101111110100101101110
00101110011111010000111001010101011111111000001111
11000011001000011001010001001001000101100010001101
01101011100100001010011000100010001001000010110110
00000011101011101111101111101001101101011101011101
00100111010111101100101011111010111110010101010000
00010101001110000001100001101100110001001010010111
10100101001001011101100110101100110110101111000100
11111010001001011101010001100000001110101001111100
11001101001010001100101000101100000000011100000111
01101111100111101011100011001111110011110001010000
11010111001100000110001001000011001000011111010100

